Batch-size:64, No k-fold cross-validation, 1/12 validation set from training set.
_________________________________________________________________
Layer (type)                 Output Shape              Param #   
=================================================================
dense_1 (Dense)              (None, 32)                25120     
_________________________________________________________________
dense_2 (Dense)              (None, 10)                330       
=================================================================
Total params: 25,450
Trainable params: 25,450
Non-trainable params: 0
-----------------------------------------------------------------
Batch-size: 128
--------------------
Metrics: [0.44263381843566896, 0.893]
--------------------====================
Confution Matrix:
--------------------
 [[ 953    0    5    2    0    5   10    2    3    0]
 [   0 1101    2    3    1    0    4    2   22    0]
 [  12   16  887   18   21    0   20   18   35    5]
 [   4    1   22  890    0   35    3   23   24    8]
 [   2    4    6    0  903    2   14    2    7   42]
 [  17    8    8   52   14  716   25   10   31   11]
 [  15    3    5    1   13   19  896    1    5    0]
 [   4   23   25    5   15    0    0  923    4   29]
 [   7   15   11   31    8   33   22   10  818   19]
 [  13    8   11   11   53   17    1   44    8  843]]
====================
Cls Report:
--------------------
               precision    recall  f1-score   support

           0       0.93      0.97      0.95       980
           1       0.93      0.97      0.95      1135
           2       0.90      0.86      0.88      1032
           3       0.88      0.88      0.88      1010
           4       0.88      0.92      0.90       982
           5       0.87      0.80      0.83       892
           6       0.90      0.94      0.92       958
           7       0.89      0.90      0.89      1028
           8       0.85      0.84      0.85       974
           9       0.88      0.84      0.86      1009

   micro avg       0.89      0.89      0.89     10000
   macro avg       0.89      0.89      0.89     10000
weighted avg       0.89      0.89      0.89     10000
    0.89      0.89     10000

--------------------