Simple


Batch-size:64, No k-fold cross-validation, 1/12 validation set from training set.
_________________________________________________________________
Layer (type)                 Output Shape              Param #   
=================================================================
dense_1 (Dense)              (None, 32)                25120     
_________________________________________________________________
dense_2 (Dense)              (None, 10)                330       
=================================================================
Total params: 25,450
Trainable params: 25,450
Non-trainable params: 0
_________________________________________________________________
==========================================================
Last Epoch:
----------------------------------------------------------
55000/55000 [==============================] - 1s 24us/step - loss: 0.1446 - acc: 0.9584 - val_loss: 0.1284 - val_acc: 0.9650
==========================================================
Confution Matrix:
----------------------------------------------------------
 [[ 968    0    1    1    0    2    4    1    3    0]
 [   0 1120    4    1    0    1    4    0    5    0]
 [   9    2  970    3   10    4    7   10   16    1]
 [   2    2    7  961    0   17    0    9    8    4]
 [   0    3    4    0  942    1    7    3    2   20]
 [   6    2    2   12    1  842    9    1    9    8]
 [   7    3    1    0    6   11  925    0    5    0]
 [   1    8   18   11    4    3    0  966    0   17]
 [   5    4    4   13    6   18    9    7  903    5]
 [   6    5    1   13   24    6    1   13    2  938]]
==========================================================
Cls Report:
----------------------------------------------------------
               precision    recall  f1-score   support

           0       0.96      0.99      0.98       980
           1       0.97      0.99      0.98      1135
           2       0.96      0.94      0.95      1032
           3       0.95      0.95      0.95      1010
           4       0.95      0.96      0.95       982
           5       0.93      0.94      0.94       892
           6       0.96      0.97      0.96       958
           7       0.96      0.94      0.95      1028
           8       0.95      0.93      0.94       974
           9       0.94      0.93      0.94      1009

   micro avg       0.95      0.95      0.95     10000
   macro avg       0.95      0.95      0.95     10000
weighted avg       0.95      0.95      0.95     10000

----------------------------------------------------------
Batch-size:128, No k-fold cross-validation, 1/12 validation set from training set.
==========================================================




----------------------------------------------------------
LeNet-5

Batch-size:64, No k-fold cross-validation, 1/12 validation set from training set.
==========================================================
55000/55000 [==============================] - 13s 235us/step - loss: 0.0999 - acc: 0.9697 - val_loss: 0.0916 - val_acc: 0.9762
====================
Confution Matrix:
--------------------
 [[ 968    1    0    0    2    1    1    2    4    1]
 [   0 1125    3    0    0    0    2    0    5    0]
 [   5    2 1008    2    1    0    1    6    7    0]
 [   0    1    5  990    0    1    0    6    5    2]
 [   0    0    7    0  921    0    4    6    2   42]
 [   6    2    0   12    0  851    7    3    8    3]
 [   8    4    2    1    4    4  931    0    4    0]
 [   0    6   10    1    0    0    0 1005    1    5]
 [   4    0    1    6    2    1    2    3  954    1]
 [   4    8    0   10    8    2    1   16    5  955]]
====================
Cls Report:
--------------------
               precision    recall  f1-score   support

           0       0.97      0.99      0.98       980
           1       0.98      0.99      0.99      1135
           2       0.97      0.98      0.97      1032
           3       0.97      0.98      0.97      1010
           4       0.98      0.94      0.96       982
           5       0.99      0.95      0.97       892
           6       0.98      0.97      0.98       958
           7       0.96      0.98      0.97      1028
           8       0.96      0.98      0.97       974
           9       0.95      0.95      0.95      1009

   micro avg       0.97      0.97      0.97     10000
   macro avg       0.97      0.97      0.97     10000
weighted avg       0.97      0.97      0.97     10000

--------------------
Process finished with exit code 0

