_________________________________________________________________
Layer (type)                 Output Shape              Param #   
=================================================================
conv2d_3 (Conv2D)            (None, 26, 26, 6)         60        
_________________________________________________________________
average_pooling2d_3 (Average (None, 13, 13, 6)         0         
_________________________________________________________________
conv2d_4 (Conv2D)            (None, 11, 11, 16)        880       
_________________________________________________________________
average_pooling2d_4 (Average (None, 5, 5, 16)          0         
_________________________________________________________________
flatten_2 (Flatten)          (None, 400)               0         
_________________________________________________________________
dense_4 (Dense)              (None, 120)               48120     
_________________________________________________________________
dense_5 (Dense)              (None, 84)                10164     
_________________________________________________________________
dense_6 (Dense)              (None, 10)                850       
=================================================================
Total params: 60,074
Trainable params: 60,074
Non-trainable params: 0
_________________________________________________________________




Final CV 

Average Loss:     0.38522887223720553
Mean Loss:        0.38522887223720553
Average Accuracy: 0.94522
Mean Accuracy:    0.94522

--------------------
Metrics: [0.33140286870002744, 0.9654]
--------------------====================
Confution Matrix:
--------------------
 [[ 974    0    2    0    0    0    1    1    2    0]
 [   0 1126    5    1    0    0    3    0    0    0]
 [  11    0  994    4    5    0    3   12    3    0]
 [   2    0   10  959    0   11    0    8   10   10]
 [   2    0    3    0  963    0    2    3    1    8]
 [   6    1    1   14    0  844    4    2   13    7]
 [  15    3    1    1   13    3  918    0    4    0]
 [   1    7   15    1    1    0    0  995    1    7]
 [  15    0    5    5    8    1    5   13  915    7]
 [   6    8    0    5   14    1    0    8    1  966]]
====================
Cls Report:
--------------------
               precision    recall  f1-score   support

           0       0.94      0.99      0.97       980
           1       0.98      0.99      0.99      1135
           2       0.96      0.96      0.96      1032
           3       0.97      0.95      0.96      1010
           4       0.96      0.98      0.97       982
           5       0.98      0.95      0.96       892
           6       0.98      0.96      0.97       958
           7       0.95      0.97      0.96      1028
           8       0.96      0.94      0.95       974
           9       0.96      0.96      0.96      1009

   micro avg       0.97      0.97      0.97     10000
   macro avg       0.97      0.96      0.97     10000
weighted avg       0.97      0.97      0.97     10000

--------------------

