_________________________________________________________________
Layer (type)                 Output Shape              Param #   
=================================================================
conv2d_1 (Conv2D)            (None, 26, 26, 6)         60        
_________________________________________________________________
average_pooling2d_1 (Average (None, 13, 13, 6)         0         
_________________________________________________________________
conv2d_2 (Conv2D)            (None, 11, 11, 16)        880       
_________________________________________________________________
average_pooling2d_2 (Average (None, 5, 5, 16)          0         
_________________________________________________________________
flatten_1 (Flatten)          (None, 400)               0         
_________________________________________________________________
dense_1 (Dense)              (None, 120)               48120     
_________________________________________________________________
dense_2 (Dense)              (None, 84)                10164     
_________________________________________________________________
dense_3 (Dense)              (None, 10)                850       
=================================================================
Total params: 60,074
Trainable params: 60,074
Non-trainable params: 0
_________________________________________________________________

Batch-size: 128

--------------------
Metrics: [0.13461722258776426, 0.9586]
--------------------====================
Confution Matrix:
--------------------
 [[ 952    0    0    1    3    4    0    2   12    6]
 [   0 1119    4    0    0    0    0    0   12    0]
 [   1    0  997    2    3    0    0    6   22    1]
 [   0    1    3  938    1    5    0    7   49    6]
 [   0    0    5    0  944    0    0    1    4   28]
 [   2    3    0    9    1  834    1    1   32    9]
 [   6    6    3    1   20   11  884    0   27    0]
 [   0    7    9    1    2    0    0  990    4   15]
 [   1    0    0    2    3    0    0    1  966    1]
 [   0    7    0    2   13    2    1    5   17  962]]
====================
Cls Report:
--------------------
               precision    recall  f1-score   support

           0       0.99      0.97      0.98       980
           1       0.98      0.99      0.98      1135
           2       0.98      0.97      0.97      1032
           3       0.98      0.93      0.95      1010
           4       0.95      0.96      0.96       982
           5       0.97      0.93      0.95       892
           6       1.00      0.92      0.96       958
           7       0.98      0.96      0.97      1028
           8       0.84      0.99      0.91       974
           9       0.94      0.95      0.94      1009

   micro avg       0.96      0.96      0.96     10000
   macro avg       0.96      0.96      0.96     10000
weighted avg       0.96      0.96      0.96     10000

--------------------